image: default.pgm
resolution: 0.025000
origin: [-10.618728, -7.791258, 0.000000]
negate: 0
occupied_thresh: 0.65
free_thresh: 0.196

